0.0005960464
0.0005802559
0.0005238373
0.0004460532
0.0003511086
0.0002518967
0.0001643766
0.0000896128
0.0000405470
0.0000103833
0.0000004480
0.0000029849
0.0000111796
0.0000214912
0.0000264952
0.0000280859
0.0000236416
0.0000168271
0.0000093449
0.0000033313
0.0000003735
0.0000004256
0.0000025053
0.0000061924
0.0000082413
0.0000101598
0.0000089593
0.0000074366
0.0000043148
0.0000019604
0.0000003166
0.0000000605
0.0000009174
0.0000024624
0.0000038231
0.0000050375
0.0000047181
0.0000043586
0.0000025798
0.0000014426
0.0000002775
0.0000000009
0.0000003809
0.0000011073
0.0000021830
0.0000028396
0.0000029588
0.0000027753
0.0000018040
0.0000011269
0.0000002692
0.0000000233
0.0000001723
0.0000005523
0.0000013085
0.0000016661
0.0000021532
0.0000018571
0.0000014128
0.0000008885
0.0000002841
0.0000000466
0.0000000633
0.0000003027
0.0000008512
0.0000010747
0.0000015134
0.0000013001
0.0000012154
0.0000007022
0.0000003353
0.0000000466
0.0000000121
0.0000001797
0.0000005160
0.0000007842
0.0000011362
0.0000009956
0.0000009928
0.0000005821
0.0000003446
0.0000000605
0.0000000009
0.0000001164
0.0000003316
0.0000006109
0.0000007749
0.0000008130
0.0000007981
0.0000005374
0.0000003353
0.0000000829
0.0000000075
0.0000000689
0.0000001807
0.0000004591
0.0000005448
0.0000007385
0.0000006603
0.0000005076
0.0000003139
0.0000001080
0.0000000149
0.0000000270
0.0000001015
0.0000003511
0.0000004480
0.0000006082
0.0000004843
0.0000004964
0.0000002533
0.0000001276
0.0000000233
0.0000000093
0.0000000829
0.0000002468
0.0000003371
0.0000005262
0.0000004116
0.0000004517
0.0000002505
0.0000001676
0.0000000233
0.0000000009
0.0000000605
0.0000001583
0.0000002757
0.0000003818
0.0000004116
0.0000003809
0.0000002384
0.0000001723
0.0000000317
0.0000000019
0.0000000382
0.0000000838
0.0000002468
0.0000002775
0.0000003697
0.0000003222
0.0000002468
0.0000001676
0.0000000540
0.0000000093
0.0000000242
0.0000000494
0.0000001937
0.0000002272
0.0000003446
0.0000002841
0.0000002701
0.0000001425
0.0000000838
0.0000000121
0.0000000047
0.0000000484
0.0000001378
0.0000001835
0.0000002841
0.0000002552
0.0000002701
0.0000001211
0.0000000987
0.0000000084
0.0000000009
0.0000000345
0.0000000829
0.0000001723
0.0000002170
0.0000002282
0.0000002421
0.0000001341
0.0000001080
0.0000000186
0.0000000019
0.0000000233
0.0000000633
0.0000001611
0.0000001611
0.0000002244
0.0000002095
0.0000001686
0.0000000903
0.0000000317
0.0000000037
0.0000000158
0.0000000373
0.0000001388
0.0000001350
0.0000002421
0.0000001658
0.0000001835
0.0000000838
0.0000000494
0.0000000047
0.0000000037
0.0000000317
0.0000000941
0.0000001350
0.0000001974
0.0000001574
0.0000001686
0.0000000689
0.0000000745
0.0000000037
0.0000000009
0.0000000242
0.0000000689
0.0000001090
0.0000001462
0.0000001360
0.0000001583
0.0000000931
0.0000000838
0.0000000093
0.0000000019
0.0000000233
0.0000000345
0.0000001164
0.0000001164
0.0000001723
0.0000001350
0.0000001052
0.0000000680
0.0000000186
0.0000000047
0.0000000093
0.0000000270
0.0000000931
0.0000001052
0.0000001797
0.0000001164
0.0000001136
0.0000000633
0.0000000373
0.0000000047
0.0000000037
0.0000000233
0.0000000764
0.0000000931
0.0000001425
0.0000001164
0.0000001350
0.0000000568
0.0000000419
0.0000000037
0.0000000009
0.0000000242
0.0000000382
0.0000000931
0.0000001267
0.0000001164
0.0000001341
0.0000000596
0.0000000540
0.0000000047
0.0000000000
0.0000000168
0.0000000373
0.0000000764
0.0000000969
0.0000001276
0.0000000931
0.0000000792
0.0000000540
0.0000000186
0.0000000009
0.0000000093
0.0000000270
0.0000000689
0.0000000792
0.0000001164
0.0000000969
0.0000000931
0.0000000494
0.0000000242
0.0000000019
0.0000000047
0.0000000186
0.0000000605
0.0000000754
0.0000001015
0.0000000987
0.0000001052
0.0000000484
0.0000000270
0.0000000037
0.0000000009
0.0000000158
0.0000000382
0.0000000792
0.0000000987
0.0000001080
0.0000000941
0.0000000605
0.0000000373
0.0000000047
0.0000000000
0.0000000121
0.0000000270
0.0000000605
0.0000000792
0.0000001015
0.0000000931
0.0000000671
0.0000000419
0.0000000093
0.0000000009
0.0000000093
0.0000000186
0.0000000568
0.0000000568
0.0000000987
0.0000000792
0.0000000754
0.0000000345
0.0000000186
0.0000000019
0.0000000047
0.0000000186
0.0000000466
0.0000000596
0.0000001015
0.0000000745
0.0000000792
0.0000000484
0.0000000270
0.0000000009
0.0000000000
0.0000000158
0.0000000317
0.0000000568
0.0000000745
0.0000000903
0.0000000754
0.0000000466
0.0000000270
0.0000000047
0.0000000000
0.0000000121
0.0000000242
0.0000000605
0.0000000633
0.0000000838
0.0000000689
0.0000000466
0.0000000270
0.0000000093
0.0000000009
0.0000000093
0.0000000186
0.0000000568
0.0000000568
0.0000000745
0.0000000633
0.0000000596
0.0000000373
0.0000000158
0.0000000009
0.0000000047
0.0000000186
0.0000000466
0.0000000596
0.0000000838
0.0000000605
0.0000000671
0.0000000317
0.0000000186
0.0000000037
0.0000000009
0.0000000158
0.0000000317
0.0000000568
0.0000000745
0.0000000680
0.0000000764
0.0000000345
0.0000000270
0.0000000019
0.0000000000
0.0000000121
0.0000000242
0.0000000466
0.0000000633
0.0000000680
0.0000000568
0.0000000466
0.0000000270
0.0000000047
0.0000000019
0.0000000047
0.0000000186
0.0000000484
0.0000000568
0.0000000745
0.0000000633
0.0000000596
0.0000000270
0.0000000093
0.0000000009
0.0000000047
0.0000000186
0.0000000345
0.0000000456
0.0000000680
0.0000000605
0.0000000568
0.0000000317
0.0000000186
0.0000000009
0.0000000009
0.0000000158
0.0000000233
0.0000000382
0.0000000605
0.0000000680
0.0000000596
0.0000000335
0.0000000270
0.0000000047
0.0000000000
0.0000000121
0.0000000242
0.0000000466
0.0000000633
0.0000000680
0.0000000568
0.0000000466
0.0000000270
0.0000000047
0.0000000009
0.0000000093
0.0000000186
0.0000000382
0.0000000484
0.0000000745
0.0000000494
0.0000000596
0.0000000242
0.0000000093
0.0000000009
0.0000000047
0.0000000121
0.0000000345
0.0000000456
0.0000000680
0.0000000605
0.0000000466
0.0000000317
0.0000000158
0.0000000009
0.0000000009
0.0000000158
0.0000000233
0.0000000466
0.0000000605
0.0000000680
0.0000000596
0.0000000335
0.0000000186
0.0000000019
0.0000000000
0.0000000121
0.0000000242
0.0000000466
0.0000000494
0.0000000680
0.0000000568
0.0000000298
0.0000000270
0.0000000047
0.0000000009
0.0000000093
0.0000000186
0.0000000382
0.0000000484
0.0000000745
0.0000000466
0.0000000456
0.0000000270
0.0000000093
0.0000000000
0.0000000047
0.0000000121
0.0000000345
0.0000000456
0.0000000680
0.0000000484
0.0000000568
0.0000000317
0.0000000186
0.0000000009
0.0000000009
0.0000000093
0.0000000233
0.0000000466
0.0000000605
0.0000000540
0.0000000456
0.0000000335
0.0000000186
0.0000000019
0.0000000000
0.0000000121
0.0000000242
0.0000000466
0.0000000494
0.0000000680
0.0000000568
0.0000000382
0.0000000186
0.0000000047
0.0000000000
0.0000000093
0.0000000158
0.0000000382
0.0000000484
0.0000000745
0.0000000466
0.0000000456
0.0000000270
0.0000000093
0.0000000009
0.0000000047
0.0000000186
0.0000000345
0.0000000456
0.0000000680
0.0000000605
0.0000000466
0.0000000233
0.0000000158
0.0000000009
0.0000000009
0.0000000158
0.0000000298
0.0000000568
0.0000000540
0.0000000540
0.0000000596
0.0000000233
0.0000000186
0.0000000019
0.0000000009
0.0000000121
0.0000000158
0.0000000456
0.0000000494
0.0000000680
0.0000000568
0.0000000382
0.0000000186
0.0000000047
0.0000000000
0.0000000093
0.0000000186
0.0000000466
0.0000000484
0.0000000680
0.0000000466
0.0000000456
0.0000000186
0.0000000093
0.0000000009
0.0000000047
0.0000000186
0.0000000345
0.0000000456
0.0000000680
0.0000000605
0.0000000466
0.0000000233
0.0000000186
0.0000000009
0.0000000009
0.0000000158
0.0000000317
0.0000000466
0.0000000605
0.0000000540
0.0000000596
0.0000000345
0.0000000186
0.0000000019
0.0000000000
0.0000000121
0.0000000242
0.0000000456
0.0000000494
0.0000000680
0.0000000568
0.0000000298
0.0000000270
0.0000000047
0.0000000000
0.0000000093
0.0000000186
0.0000000484
0.0000000484
0.0000000680
0.0000000466
0.0000000456
0.0000000270
0.0000000093
0.0000000009
0.0000000047
0.0000000186
0.0000000466
0.0000000456
0.0000000838
0.0000000605
0.0000000568
0.0000000317
0.0000000093
0.0000000019
0.0000000019
0.0000000158
0.0000000298
0.0000000568
0.0000000745
0.0000000680
0.0000000596
0.0000000345
0.0000000186
0.0000000019
0.0000000000
0.0000000121
0.0000000242
0.0000000596
0.0000000633
0.0000000680
0.0000000568
0.0000000382
0.0000000270
0.0000000047
0.0000000009
0.0000000093
0.0000000270
0.0000000568
0.0000000568
0.0000000680
0.0000000605
0.0000000456
0.0000000270
0.0000000093
0.0000000000
0.0000000047
0.0000000186
0.0000000466
0.0000000605
0.0000000903
0.0000000605
0.0000000568
0.0000000233
0.0000000093
0.0000000009
0.0000000019
0.0000000158
0.0000000382
0.0000000671
0.0000000745
0.0000000680
0.0000000596
0.0000000345
0.0000000186
0.0000000019
0.0000000019
0.0000000186
0.0000000345
0.0000000596
0.0000000633
0.0000000745
0.0000000671
0.0000000466
0.0000000270
0.0000000047
0.0000000000
0.0000000093
0.0000000270
0.0000000568
0.0000000689
0.0000000903
0.0000000764
0.0000000596
0.0000000270
0.0000000093
0.0000000000
0.0000000093
0.0000000270
0.0000000605
0.0000000596
0.0000000903
0.0000000689
0.0000000671
0.0000000317
0.0000000186
0.0000000009
0.0000000047
0.0000000270
0.0000000382
0.0000000671
0.0000000903
0.0000000838
0.0000000754
0.0000000345
0.0000000186
0.0000000009
0.0000000000
0.0000000186
0.0000000345
0.0000000754
0.0000000792
0.0000000903
0.0000000671
0.0000000466
0.0000000270
0.0000000047
0.0000000000
0.0000000158
0.0000000317
0.0000000792
0.0000000689
0.0000000903
0.0000000764
0.0000000596
0.0000000270
0.0000000093
0.0000000000
0.0000000093
0.0000000270
0.0000000605
0.0000000764
0.0000001080
0.0000000829
0.0000000792
0.0000000317
0.0000000158
0.0000000009
0.0000000047
0.0000000270
0.0000000568
0.0000000913
0.0000001080
0.0000001015
0.0000000931
0.0000000466
0.0000000270
0.0000000009
0.0000000019
0.0000000186
0.0000000466
0.0000000931
0.0000001015
0.0000001164
0.0000001052
0.0000000568
0.0000000270
0.0000000093
0.0000000009
0.0000000186
0.0000000419
0.0000000913
0.0000001090
0.0000001276
0.0000000941
0.0000000764
0.0000000373
0.0000000093
0.0000000000
0.0000000093
0.0000000373
0.0000000764
0.0000001136
0.0000001360
0.0000001090
0.0000000913
0.0000000419
0.0000000242
0.0000000019
0.0000000047
0.0000000373
0.0000000792
0.0000001192
0.0000001360
0.0000001211
0.0000001127
0.0000000633
0.0000000317
0.0000000019
0.0000000019
0.0000000317
0.0000000605
0.0000001127
0.0000001211
0.0000001360
0.0000001192
0.0000000792
0.0000000373
0.0000000093
0.0000000009
0.0000000270
0.0000000605
0.0000001192
0.0000001388
0.0000001807
0.0000001350
0.0000000941
0.0000000419
0.0000000186
0.0000000000
0.0000000186
0.0000000540
0.0000001136
0.0000001378
0.0000001807
0.0000001388
0.0000001350
0.0000000605
0.0000000270
0.0000000000
0.0000000093
0.0000000494
0.0000000931
0.0000001509
0.0000001909
0.0000001723
0.0000001341
0.0000000792
0.0000000419
0.0000000019
0.0000000047
0.0000000419
0.0000000969
0.0000001574
0.0000001723
0.0000001909
0.0000001509
0.0000001090
0.0000000494
0.0000000093
0.0000000009
0.0000000373
0.0000000829
0.0000001863
0.0000001937
0.0000002328
0.0000001863
0.0000001350
0.0000000680
0.0000000186
0.0000000009
0.0000000270
0.0000000838
0.0000001583
0.0000002133
0.0000002431
0.0000002095
0.0000002058
0.0000000987
0.0000000373
0.0000000009
0.0000000158
0.0000000680
0.0000001527
0.0000002272
0.0000002841
0.0000002533
0.0000002384
0.0000001211
0.0000000605
0.0000000019
0.0000000047
0.0000000745
0.0000001378
0.0000002384
0.0000003027
0.0000002980
0.0000002468
0.0000001723
0.0000000680
0.0000000093
0.0000000009
0.0000000633
0.0000001462
0.0000002682
0.0000003316
0.0000003474
0.0000003027
0.0000002105
0.0000001080
0.0000000317
0.0000000009
0.0000000419
0.0000001490
0.0000002701
0.0000003399
0.0000004321
0.0000003511
0.0000003166
0.0000001462
0.0000000494
0.0000000000
0.0000000345
0.0000001276
0.0000002701
0.0000004210
0.0000004862
0.0000004340
0.0000003725
0.0000002179
0.0000000903
0.0000000047
0.0000000233
0.0000001360
0.0000002775
0.0000004517
0.0000005383
0.0000005849
0.0000004480
0.0000003027
0.0000001276
0.0000000242
0.0000000084
0.0000001276
0.0000002850
0.0000005383
0.0000006333
0.0000007050
0.0000005858
0.0000004545
0.0000002161
0.0000000484
0.0000000019
0.0000000987
0.0000002924
0.0000005830
0.0000007534
0.0000008643
0.0000007618
0.0000006054
0.0000002980
0.0000001015
0.0000000000
0.0000000792
0.0000003148
0.0000006417
0.0000009090
0.0000010775
0.0000010598
0.0000008391
0.0000004843
0.0000002030
0.0000000075
0.0000000484
0.0000003288
0.0000006938
0.0000011446
0.0000013877
0.0000014128
0.0000012117
0.0000007749
0.0000003353
0.0000000466
0.0000000335
0.0000003474
0.0000008205
0.0000014603
0.0000018375
0.0000020955
0.0000017369
0.0000012983
0.0000006296
0.0000001462
0.0000000075
0.0000003446
0.0000010291
0.0000019744
0.0000025937
0.0000030110
0.0000027567
0.0000021700
0.0000011334
0.0000003595
0.0000000009
0.0000003166
0.0000013793
0.0000027195
0.0000040838
0.0000050189
0.0000047460
0.0000039432
0.0000023935
0.0000009397
0.0000000466
0.0000003222
0.0000019446
0.0000044191
0.0000072457
0.0000090674
0.0000097994
0.0000084909
0.0000058599
0.0000026301
0.0000003446
0.0000003399
0.0000033984
0.0000091875
0.0000169920
0.0000237422
0.0000279713
0.0000270726
0.0000211271
0.0000115233
0.0000027809
0.0000003399
0.0000108276
0.0000396986
0.0000907928
0.0001631323
0.0002532685
0.0003499771
0.0004466968
0.0005238438
0.0005780617
