1
-1
0
0
1
1
0
-1
-1
-1
0
1
0
0
-1
0
1
0
1
0
0
0
0
0
0
1
0
0
0
-1
0
0
0
0
0
0
0
0
-1
0
0
1
0
0
0
-1
0
0
0
0
0
0
-1
0
0
1
0
0
-1
0
0
0
1
0
0
0
-1
0
0
0
0
0
0
-1
0
0
0
0
0
0
0
1
0
0
0
0
0
0
1
-1
1
0
1
0
0
0
-1
1
-3
1
-1
1
1
0
1
-2
1
-1
1
1
-1
3
-3
4
-4
4
-2
0
1
-2
3
-4
3
-3
1
0
0
1
-1
2
-2
4
-4
5
-6
5
-4
1
4
-7
9
-10
9
-10
8
-5
1
4
-9
13
-15
17
-17
15
-11
5
0
-7
14
-21
25
-28
27
-24
18
-4
-11
28
-41
53
-62
65
-61
45
-23
-5
33
-62
88
-107
114
-108
90
-55
15
34
-77
115
-141
149
-142
114
-74
21
38
-93
137
-166
175
-162
128
-80
22
42
-101
153
-193
206
-186
150
-99
36
35
-103
171
-223
232
-225
188
-130
59
28
-111
180
-223
248
-224
196
-132
38
28
-124
203
-246
268
-251
197
-116
37
58
-174
224
-276
289
-232
203
-88
1
102
-213
223
-269
242
-200
158
-73
11
85
-145
212
-254
261
-250
162
-105
8
80
-141
204
-216
255
-244
202
-153
57
33
-122
201
-250
292
-297
251
-191
90
26
-112
196
-276
306
-295
276
-229
138
-39
-67
180
-254
305
-331
307
-254
166
-59
-56
172
-263
338
-354
350
-319
226
-122
-8
134
-243
326
-355
362
-341
269
-163
59
46
-177
271
-333
369
-370
339
-250
164
-38
-116
220
-303
355
-343
312
-263
194
-115
16
80
-188
264
-310
330
-298
243
-170
87
2
-97
172
-239
295
-294
285
-255
181
-109
36
54
-123
170
-221
244
-248
236
-205
150
-84
10
67
-136
201
-240
268
-259
216
-180
109
-51
-11
82
-122
175
-202
226
-241
229
-216
172
-128
71
3
-73
145
-199
240
-263
261
-241
193
-136
77
-6
-54
122
-175
215
-242
250
-238
206
-163
103
-51
-8
65
-107
144
-169
172
-175
166
-152
137
-105
86
-47
17
17
-63
84
-112
141
-158
169
-170
161
-141
116
-88
46
-2
-35
71
-112
134
-158
174
-170
167
-136
99
-53
10
24
-57
78
-94
101
-98
88
-68
40
-9
-19
40
-57
53
-40
16
13
-53
87
-116
152
-164
171
-157
132
-92
38
26
-98
158
-212
249
-269
266
-249
214
-171
119
-58
-8
73
-124
161
-189
204
-205
196
-175
149
-120
89
-61
41
-27
24
-21
27
-31
34
-36
31
-24
1
30
-74
117
-160
202
-232
259
-271
259
-231
190
-134
79
-11
-62
133
-193
245
-287
305
-307
289
-259
207
-154
97
-38
-6
49
-79
101
-114
114
-116
111
-108
107
-93
89
-82
82
-84
80
-83
76
-74
63
-51
37
-12
-8
37
-59
78
-98
111
-123
121
-120
113
-99
93
-75
57
-40
20
-4
-13
24
-38
47
-54
60
-60
64
-63
65
-64
61
-59
51
-42
30
-18
5
6
-15
19
-25
30
-31
33
-32
30
-31
28
-26
26
-24
23
-18
17
-16
11
-12
8
-5
8
-3
-1
4
-9
13
-13
14
-17
12
-16
18
-18
23
-26
29
-33
34
-31
30
-26
19
-12
3
7
-16
24
-33
41
-48
51
-52
52
-47
40
-31
21
-8
-3
13
-24
29
-33
38
-37
36
-37
31
-28
23
-13
7
2
-9
16
-20
23
-25
23
-24
20
-16
11
-6
1
5
-9
14
-16
16
-16
13
-10
4
0
-8
13
-17
21
-21
22
-20
15
-10
4
2
-10
17
-22
26
-28
28
-27
23
-18
12
-4
-3
9
-14
18
-21
23
-22
21
-19
16
-13
9
-6
3
0
-3
4
-7
8
-9
11
-12
15
-16
18
-19
20
-20
18
-16
11
-6
-1
8
-15
22
-28
32
-35
36
-35
31
-26
19
-10
2
7
-14
21
-27
30
-32
32
-30
26
-21
15
-8
2
3
-7
11
-13
15
-14
14
-13
11
-10
8
-7
5
-5
5
-5
5
-4
5
-4
3
-1
-1
3
-6
9
-11
13
-15
16
-15
14
-12
9
-6
2
0
-5
6
-10
11
-12
12
-11
10
-8
7
-4
3
0
1
2
-1
3
-2
4
-3
4
-4
3
-6
3
-7
2
-5
1
-3
-1
1
-3
5
-4
7
-4
7
-2
6
2
3
5
-2
7
-6
6
-7
3
-5
-3
-1
-8
4
-10
6
-10
5
-7
2
-1
-1
5
-4
9
-5
9
-2
5
2
0
6
-5
9
-7
8
-7
3
-4
-3
2
-9
6
-12
8
-11
7
-6
4
1
-1
5
-5
8
-7
8
-7
5
-3
1
1
-2
1
-1
0
0
1
-1
1
1
-2
2
-2
1
1
-3
4
-5
4
-4
2
-3
2
-4
1
1
-4
6
-5
3
-1
0
-1
0
-3
1
-1
-1
4
-1
3
5
-2
9
-4
4
0
-1
-1
2
-7
1
-1
-9
8
-12
5
-3
-4
2
-2
-3
5
-4
1
7
-9
12
-5
2
6
-4
3
4
-7
7
-2
-5
9
-9
3
6
-12
12
-3
-8
14
-12
0
14
-20
15
1
-18
27
-19
0
19
-26
15
6
-26
30
-15
-11
31
-35
15
12
-32
29
-6
-23
40
-30
2
29
-42
27
5
-35
41
-22
-14
42
-43
19
18
-43
42
-13
-25
48
-41
7
33
-53
40
-1
-38
52
-32
-11
48
-55
28
18
-52
53
-19
-27
55
-46
4
43
-64
44
6
-53
64
-33
-21
61
-59
16
41
-74
59
-6
-51
73
-45
-15
65
-71
27
37
-77
66
-10
-51
77
-48
-17
71
-77
29
42
-84
70
-6
-61
84
-48
-25
81
-82
27
46
-87
66
1
-67
84
-42
-31
82
-76
17
55
-86
56
16
-76
82
-29
-46
89
-69
1
67
-87
43
31
-85
77
-15
-58
88
-54
-17
75
-77
22
49
-85
60
9
-69
79
-31
-40
81
-62
-2
65
-81
39
27
-70
60
-5
-53
71
-37
-26
67
-58
5
49
-63
27
31
-65
50
3
-51
60
-24
-29
57
-42
-7
50
-57
22
28
-55
40
6
-48
51
-14
-33
53
-30
-15
47
-41
4
36
-48
22
21
-47
38
2
-42
51
-22
-24
53
-41
-3
45
-53
19
31
-59
43
6
-48
54
-16
-35
60
-39
-14
57
-59
16
40
-66
42
14
-61
62
-15
-45
72
-44
-18
67
-64
13
47
-69
37
25
-69
60
-4
-56
73
-34
-32
73
-56
-7
69
-79
28
44
-82
53
17
-73
71
-14
-55
80
-44
-24
71
-61
2
57
-73
34
31
-72
58
1
-59
71
-27
-40
79
-59
-5
65
-74
25
46
-84
59
11
-74
82
-30
-43
83
-61
-8
72
-83
33
43
-88
67
5
-75
88
-35
-44
92
-70
-5
78
-92
34
50
-97
68
12
-81
87
-23
-60
98
-62
-21
87
-85
18
63
-96
55
28
-92
87
-18
-62
93
-52
-28
86
-78
11
64
-91
49
28
-82
73
-6
-65
86
-41
-36
83
-64
-5
71
-81
28
46
-84
56
16
-76
76
-16
-56
84
-47
-24
75
-65
6
57
-75
35
32
-74
59
-1
-57
70
-29
-35
74
-57
-3
62
-74
30
37
-76
57
6
-65
76
-30
-39
78
-59
-4
65
-76
30
39
-79
61
3
-64
76
-30
-39
79
-60
-5
68
-80
32
41
-83
62
7
-70
80
-28
-45
84
-60
-10
72
-78
25
49
-85
55
17
-75
75
-18
-51
81
-48
-20
72
-68
12
54
-79
45
22
-71
67
-13
-51
76
-44
-21
71
-68
14
49
-75
43
23
-70
63
-6
-55
75
-37
-28
69
-58
1
55
-73
34
29
-72
62
-2
-56
76
-37
-30
73
-64
3
57
-76
38
32
-74
62
-2
-60
74
-33
-36
76
-59
-2
64
-77
35
36
-79
63
0
-65
80
-37
-35
77
-63
0
63
-77
36
35
-77
60
2
-64
74
-27
-38
77
-52
-10
66
-68
15
48
-76
42
21
-69
63
-9
-49
69
-36
-25
66
-58
7
50
-67
34
27
-63
57
-4
-50
67
-37
-26
64
-60
5
50
-71
38
24
-65
61
-9
-47
68
-36
-20
64
-58
11
46
-67
40
19
-65
60
-15
-46
68
-44
-15
62
-62
19
43
-70
47
11
-64
66
-21
-43
73
-48
-13
67
-68
20
45
-74
48
17
-68
68
-17
-48
74
-46
-19
68
-65
12
50
-72
39
24
-69
60
-4
-52
70
-30
-30
69
-54
-4
56
-69
25
36
-70
50
8
-60
65
-20
-40
71
-46
-14
64
-64
15
48
-72
44
21
-67
63
-10
-51
71
-38
-26
67
-57
3
54
-67
30
30
-65
49
4
-55
63
-21
-35
66
-44
-10
56
-59
15
40
-65
41
15
-59
59
-14
-42
65
-38
-20
64
-59
9
49
-69
35
25
-66
55
0
-54
66
-27
-32
65
-48
-5
53
-59
17
37
-62
38
15
-57
53
-8
-43
59
-28
-25
59
-45
-3
48
-54
18
29
-52
32
14
-47
44
-6
-36
48
-25
-19
47
-37
0
38
-46
18
23
-46
32
6
-39
41
-10
-28
44
-24
-13
40
-34
1
31
-38
13
20
-36
24
9
-32
30
-4
-23
31
-13
-15
29
-22
-3
24
-26
8
14
-24
14
6
-21
19
-2
-17
22
-10
-9
21
-14
-2
19
-20
5
13
-21
11
6
-18
15
0
-15
17
-7
-10
18
-12
-3
15
-15
3
11
-16
8
6
-14
12
0
-12
14
-6
-7
13
-9
-2
12
-13
3
7
-12
8
3
-11
9
-2
-7
11
-5
-4
10
-8
1
7
-9
4
5
-9
6
0
-8
8
-3
-4
8
-5
-1
7
-7
2
4
-8
5
1
-6
7
-1
-4
6
-4
-2
5
-5
1
5
-6
3
1
-5
4
-1
-4
5
-3
-1
5
-4
1
3
-3
2
2
-4
3
0
-4
4
-2
-1
3
-2
-1
3
-3
1
2
-3
2
0
-3
2
-1
-2
3
-2
0
3
-2
1
1
-3
1
0
-3
2
-1
-1
3
-2
1
2
-2
2
1
-2
2
0
-2
3
-2
0
2
-2
0
2
-3
1
1
-2
2
0
-2
2
-1
-1
2
-2
0
2
-2
1
1
-2
1
0
-2
2
0
-2
2
-1
-1
2
-2
0
1
-2
0
1
-2
1
1
-2
1
0
-2
2
-1
-1
2
-1
0
2
-2
1
1
-2
1
0
-2
1
0
-1
3
-1
0
2
-1
1
2
-1
2
2
-1
2
0
-1
1
-1
-1
1
-1
0
1
-2
-1
-1
-3
-1
-2
-2
