-1.0
0.0
0.0
1.0
1.0
-0.0
-1.0
-1.0
-1.0
-0.0
1.0
-0.0
-0.0
-1.0
-0.0
1.0
0.0
1.0
0.0
-0.0
-0.0
-0.0
0.0
0.0
1.0
-0.0
-0.0
-0.0
-1.0
0.0
-0.0
0.0
-0.0
0.0
0.0
-0.0
-0.0
-1.0
0.0
0.0
1.0
0.0
-0.0
-0.0
-1.0
-0.0
0.0
0.0
0.0
-0.0
-0.0
-1.0
-0.0
-0.0
1.0
0.0
0.0
-1.0
-0.0
-0.0
0.0
1.0
0.0
-0.0
0.0
-1.0
-0.0
0.0
0.0
-0.0
0.0
-0.0
-1.0
0.0
-0.0
0.0
-0.0
0.0
-0.0
-0.0
1.0
-0.0
0.0
-0.0
0.0
0.0
-0.0
1.0
-1.0
1.0
-0.0
1.0
-0.0
-0.0
0.0
-1.0
1.0
-3.0
1.0
-1.0
1.0
1.0
-0.0
1.0
-2.0
1.0
-1.0
1.0
1.0
-1.0
3.0
-3.0
4.0
-4.0
4.0
-2.0
0.0
1.0
-2.0
3.0
-4.0
3.0
-3.0
1.0
-0.0
-0.0
1.0
-1.0
2.0
-2.0
4.0
-4.0
5.0
-6.0
5.0
-4.0
1.0
4.0
-7.0
9.0
-10.0
9.0
-10.0
8.0
-5.0
1.0
4.0
-9.0
13.0
-15.0
17.0
-17.0
15.0
-11.0
5.0
-0.0
-7.0
14.0
-21.0
25.0
-28.0
27.0
-24.0
18.0
-4.0
-11.0
28.0
-41.0
53.0
-62.0
65.0
-61.0
45.0
-23.0
-5.0
33.0
-62.0
88.0
-107.0
114.0
-108.0
90.0
-55.0
15.0
34.0
-77.0
115.0
-141.0
149.0
-142.0
114.0
-74.0
21.0
38.0
-93.0
137.0
-166.0
175.0
-162.0
128.0
-80.0
22.0
42.0
-101.0
153.0
-193.0
206.0
-186.0
150.0
-99.0
36.0
35.0
-103.0
171.0
-223.0
232.0
-225.0
188.0
-130.0
59.0
28.0
-111.0
180.0
-223.0
248.0
-224.0
196.0
-132.0
38.0
28.0
-124.0
203.0
-246.0
268.0
-251.0
197.0
-116.0
37.0
58.0
-174.0
224.0
-276.0
289.0
-232.0
203.0
-88.0
1.0
102.0
-213.0
223.0
-269.0
242.0
-200.0
158.0
-73.0
11.0
85.0
-145.0
212.0
-254.0
261.0
-250.0
162.0
-105.0
8.0
80.0
-141.0
204.0
-216.0
255.0
-244.0
202.0
-153.0
57.0
33.0
-122.0
201.0
-250.0
292.0
-297.0
251.0
-191.0
90.0
26.0
-112.0
196.0
-276.0
306.0
-295.0
276.0
-229.0
138.0
-39.0
-67.0
180.0
-254.0
305.0
-331.0
307.0
-254.0
166.0
-59.0
-56.0
172.0
-263.0
338.0
-354.0
350.0
-319.0
226.0
-122.0
-8.0
134.0
-243.0
326.0
-355.0
362.0
-341.0
269.0
-163.0
59.0
46.0
-177.0
271.0
-333.0
369.0
-370.0
339.0
-250.0
164.0
-38.0
-116.0
220.0
-303.0
355.0
-343.0
312.0
-263.0
194.0
-115.0
16.0
80.0
-188.0
264.0
-310.0
330.0
-298.0
243.0
-170.0
87.0
2.0
-97.0
172.0
-239.0
295.0
-294.0
285.0
-255.0
181.0
-109.0
36.0
54.0
-123.0
170.0
-221.0
244.0
-248.0
236.0
-205.0
150.0
-84.0
10.0
67.0
-136.0
201.0
-240.0
268.0
-259.0
216.0
-180.0
109.0
-51.0
-11.0
82.0
-122.0
175.0
-202.0
226.0
-241.0
229.0
-216.0
172.0
-128.0
71.0
3.0
-73.0
145.0
-199.0
240.0
-263.0
261.0
-241.0
193.0
-136.0
77.0
-6.0
-54.0
122.0
-175.0
215.0
-242.0
250.0
-238.0
206.0
-163.0
103.0
-51.0
-8.0
65.0
-107.0
144.0
-169.0
172.0
-175.0
166.0
-152.0
137.0
-105.0
86.0
-47.0
17.0
17.0
-63.0
84.0
-112.0
141.0
-158.0
169.0
-170.0
161.0
-141.0
116.0
-88.0
46.0
-2.0
-35.0
71.0
-112.0
134.0
-158.0
174.0
-170.0
167.0
-136.0
99.0
-53.0
10.0
24.0
-57.0
78.0
-94.0
101.0
-98.0
88.0
-68.0
40.0
-9.0
-19.0
40.0
-57.0
53.0
-40.0
16.0
13.0
-53.0
87.0
-116.0
152.0
-164.0
171.0
-157.0
132.0
-92.0
38.0
26.0
-98.0
158.0
-212.0
249.0
-269.0
266.0
-249.0
214.0
-171.0
119.0
-58.0
-8.0
73.0
-124.0
161.0
-189.0
204.0
-205.0
196.0
-175.0
149.0
-120.0
89.0
-61.0
41.0
-27.0
24.0
-21.0
27.0
-31.0
34.0
-36.0
31.0
-24.0
1.0
30.0
-74.0
117.0
-160.0
202.0
-232.0
259.0
-271.0
259.0
-231.0
190.0
-134.0
79.0
-11.0
-62.0
133.0
-193.0
245.0
-287.0
305.0
-307.0
289.0
-259.0
207.0
-154.0
97.0
-38.0
-6.0
49.0
-79.0
101.0
-114.0
114.0
-116.0
111.0
-108.0
107.0
-93.0
89.0
-82.0
82.0
-84.0
80.0
-83.0
76.0
-74.0
63.0
-51.0
37.0
-12.0
-8.0
37.0
-59.0
78.0
-98.0
111.0
-123.0
121.0
-120.0
113.0
-99.0
93.0
-75.0
57.0
-40.0
20.0
-4.0
-13.0
24.0
-38.0
47.0
-54.0
60.0
-60.0
64.0
-63.0
65.0
-64.0
61.0
-59.0
51.0
-42.0
30.0
-18.0
5.0
6.0
-15.0
19.0
-25.0
30.0
-31.0
33.0
-32.0
30.0
-31.0
28.0
-26.0
26.0
-24.0
23.0
-18.0
17.0
-16.0
11.0
-12.0
8.0
-5.0
8.0
-3.0
-1.0
4.0
-9.0
13.0
-13.0
14.0
-17.0
12.0
-16.0
18.0
-18.0
23.0
-26.0
29.0
-33.0
34.0
-31.0
30.0
-26.0
19.0
-12.0
3.0
7.0
-16.0
24.0
-33.0
41.0
-48.0
51.0
-52.0
52.0
-47.0
40.0
-31.0
21.0
-8.0
-3.0
13.0
-24.0
29.0
-33.0
38.0
-37.0
36.0
-37.0
31.0
-28.0
23.0
-13.0
7.0
2.0
-9.0
16.0
-20.0
23.0
-25.0
23.0
-24.0
20.0
-16.0
11.0
-6.0
1.0
5.0
-9.0
14.0
-16.0
16.0
-16.0
13.0
-10.0
4.0
0.0
-8.0
13.0
-17.0
21.0
-21.0
22.0
-20.0
15.0
-10.0
4.0
2.0
-10.0
17.0
-22.0
26.0
-28.0
28.0
-27.0
23.0
-18.0
12.0
-4.0
-3.0
9.0
-14.0
18.0
-21.0
23.0
-22.0
21.0
-19.0
16.0
-13.0
9.0
-6.0
3.0
0.0
-3.0
4.0
-7.0
8.0
-9.0
11.0
-12.0
15.0
-16.0
18.0
-19.0
20.0
-20.0
18.0
-16.0
11.0
-6.0
-1.0
8.0
-15.0
22.0
-28.0
32.0
-35.0
36.0
-35.0
31.0
-26.0
19.0
-10.0
2.0
7.0
-14.0
21.0
-27.0
30.0
-32.0
32.0
-30.0
26.0
-21.0
15.0
-8.0
2.0
3.0
-7.0
11.0
-13.0
15.0
-14.0
14.0
-13.0
11.0
-10.0
8.0
-7.0
5.0
-5.0
5.0
-5.0
5.0
-4.0
5.0
-4.0
3.0
-1.0
-1.0
3.0
-6.0
9.0
-11.0
13.0
-15.0
16.0
-15.0
14.0
-12.0
9.0
-6.0
2.0
0.0
-5.0
6.0
-10.0
11.0
-12.0
12.0
-11.0
10.0
-8.0
7.0
-4.0
3.0
-0.0
1.0
2.0
-1.0
3.0
-2.0
4.0
-3.0
4.0
-4.0
3.0
-6.0
3.0
-7.0
2.0
-5.0
1.0
-3.0
-1.0
1.0
-3.0
5.0
-4.0
7.0
-4.0
7.0
-2.0
6.0
2.0
3.0
5.0
-2.0
7.0
-6.0
6.0
-7.0
3.0
-5.0
-3.0
-1.0
-8.0
4.0
-10.0
6.0
-10.0
5.0
-7.0
2.0
-1.0
-1.0
5.0
-4.0
9.0
-5.0
9.0
-2.0
5.0
2.0
-0.0
6.0
-5.0
9.0
-7.0
8.0
-7.0
3.0
-4.0
-3.0
2.0
-9.0
6.0
-12.0
8.0
-11.0
7.0
-6.0
4.0
1.0
-1.0
5.0
-5.0
8.0
-7.0
8.0
-7.0
5.0
-3.0
1.0
1.0
-2.0
1.0
-1.0
-0.0
-0.0
1.0
-1.0
1.0
1.0
-2.0
2.0
-2.0
1.0
1.0
-3.0
4.0
-5.0
4.0
-4.0
2.0
-3.0
2.0
-4.0
1.0
1.0
-4.0
6.0
-5.0
3.0
-1.0
-0.0
-1.0
0.0
-3.0
1.0
-1.0
-1.0
4.0
-1.0
3.0
5.0
-2.0
9.0
-4.0
4.0
0.0
-1.0
-1.0
2.0
-7.0
1.0
-1.0
-9.0
8.0
-12.0
5.0
-3.0
-4.0
2.0
-2.0
-3.0
5.0
-4.0
1.0
7.0
-9.0
12.0
-5.0
2.0
6.0
-4.0
3.0
4.0
-7.0
7.0
-2.0
-5.0
9.0
-9.0
3.0
6.0
-12.0
12.0
-3.0
-8.0
14.0
-12.0
0.0
14.0
-20.0
15.0
1.0
-18.0
27.0
-19.0
0.0
19.0
-26.0
15.0
6.0
-26.0
30.0
-15.0
-11.0
31.0
-35.0
15.0
12.0
-32.0
29.0
-6.0
-23.0
40.0
-30.0
2.0
29.0
-42.0
27.0
5.0
-35.0
41.0
-22.0
-14.0
42.0
-43.0
19.0
18.0
-43.0
42.0
-13.0
-25.0
48.0
-41.0
7.0
33.0
-53.0
40.0
-1.0
-38.0
52.0
-32.0
-11.0
48.0
-55.0
28.0
18.0
-52.0
53.0
-19.0
-27.0
55.0
-46.0
4.0
43.0
-64.0
44.0
6.0
-53.0
64.0
-33.0
-21.0
61.0
-59.0
16.0
41.0
-74.0
59.0
-6.0
-51.0
73.0
-45.0
-15.0
65.0
-71.0
27.0
37.0
-77.0
66.0
-10.0
-51.0
77.0
-48.0
-17.0
71.0
-77.0
29.0
42.0
-84.0
70.0
-6.0
-61.0
84.0
-48.0
-25.0
81.0
-82.0
27.0
46.0
-87.0
66.0
1.0
-67.0
84.0
-42.0
-31.0
82.0
-76.0
17.0
55.0
-86.0
56.0
16.0
-76.0
82.0
-29.0
-46.0
89.0
-69.0
1.0
67.0
-87.0
43.0
31.0
-85.0
77.0
-15.0
-58.0
88.0
-54.0
-17.0
75.0
-77.0
22.0
49.0
-85.0
60.0
9.0
-69.0
79.0
-31.0
-40.0
81.0
-62.0
-2.0
65.0
-81.0
39.0
27.0
-70.0
60.0
-5.0
-53.0
71.0
-37.0
-26.0
67.0
-58.0
5.0
49.0
-63.0
27.0
31.0
-65.0
50.0
3.0
-51.0
60.0
-24.0
-29.0
57.0
-42.0
-7.0
50.0
-57.0
22.0
28.0
-55.0
40.0
6.0
-48.0
51.0
-14.0
-33.0
53.0
-30.0
-15.0
47.0
-41.0
4.0
36.0
-48.0
22.0
21.0
-47.0
38.0
2.0
-42.0
51.0
-22.0
-24.0
53.0
-41.0
-3.0
45.0
-53.0
19.0
31.0
-59.0
43.0
6.0
-48.0
54.0
-16.0
-35.0
60.0
-39.0
-14.0
57.0
-59.0
16.0
40.0
-66.0
42.0
14.0
-61.0
62.0
-15.0
-45.0
72.0
-44.0
-18.0
67.0
-64.0
13.0
47.0
-69.0
37.0
25.0
-69.0
60.0
-4.0
-56.0
73.0
-34.0
-32.0
73.0
-56.0
-7.0
69.0
-79.0
28.0
44.0
-82.0
53.0
17.0
-73.0
71.0
-14.0
-55.0
80.0
-44.0
-24.0
71.0
-61.0
2.0
57.0
-73.0
34.0
31.0
-72.0
58.0
1.0
-59.0
71.0
-27.0
-40.0
79.0
-59.0
-5.0
65.0
-74.0
25.0
46.0
-84.0
59.0
11.0
-74.0
82.0
-30.0
-43.0
83.0
-61.0
-8.0
72.0
-83.0
33.0
43.0
-88.0
67.0
5.0
-75.0
88.0
-35.0
-44.0
92.0
-70.0
-5.0
78.0
-92.0
34.0
50.0
-97.0
68.0
12.0
-81.0
87.0
-23.0
-60.0
98.0
-62.0
-21.0
87.0
-85.0
18.0
63.0
-96.0
55.0
28.0
-92.0
87.0
-18.0
-62.0
93.0
-52.0
-28.0
86.0
-78.0
11.0
64.0
-91.0
49.0
28.0
-82.0
73.0
-6.0
-65.0
86.0
-41.0
-36.0
83.0
-64.0
-5.0
71.0
-81.0
28.0
46.0
-84.0
56.0
16.0
-76.0
76.0
-16.0
-56.0
84.0
-47.0
-24.0
75.0
-65.0
6.0
57.0
-75.0
35.0
32.0
-74.0
59.0
-1.0
-57.0
70.0
-29.0
-35.0
74.0
-57.0
-3.0
62.0
-74.0
30.0
37.0
-76.0
57.0
6.0
-65.0
76.0
-30.0
-39.0
78.0
-59.0
-4.0
65.0
-76.0
30.0
39.0
-79.0
61.0
3.0
-64.0
76.0
-30.0
-39.0
79.0
-60.0
-5.0
68.0
-80.0
32.0
41.0
-83.0
62.0
7.0
-70.0
80.0
-28.0
-45.0
84.0
-60.0
-10.0
72.0
-78.0
25.0
49.0
-85.0
55.0
17.0
-75.0
75.0
-18.0
-51.0
81.0
-48.0
-20.0
72.0
-68.0
12.0
54.0
-79.0
45.0
22.0
-71.0
67.0
-13.0
-51.0
76.0
-44.0
-21.0
71.0
-68.0
14.0
49.0
-75.0
43.0
23.0
-70.0
63.0
-6.0
-55.0
75.0
-37.0
-28.0
69.0
-58.0
1.0
55.0
-73.0
34.0
29.0
-72.0
62.0
-2.0
-56.0
76.0
-37.0
-30.0
73.0
-64.0
3.0
57.0
-76.0
38.0
32.0
-74.0
62.0
-2.0
-60.0
74.0
-33.0
-36.0
76.0
-59.0
-2.0
64.0
-77.0
35.0
36.0
-79.0
63.0
0.0
-65.0
80.0
-37.0
-35.0
77.0
-63.0
0.0
63.0
-77.0
36.0
35.0
-77.0
60.0
2.0
-64.0
74.0
-27.0
-38.0
77.0
-52.0
-10.0
66.0
-68.0
15.0
48.0
-76.0
42.0
21.0
-69.0
63.0
-9.0
-49.0
69.0
-36.0
-25.0
66.0
-58.0
7.0
50.0
-67.0
34.0
27.0
-63.0
57.0
-4.0
-50.0
67.0
-37.0
-26.0
64.0
-60.0
5.0
50.0
-71.0
38.0
24.0
-65.0
61.0
-9.0
-47.0
68.0
-36.0
-20.0
64.0
-58.0
11.0
46.0
-67.0
40.0
19.0
-65.0
60.0
-15.0
-46.0
68.0
-44.0
-15.0
62.0
-62.0
19.0
43.0
-70.0
47.0
11.0
-64.0
66.0
-21.0
-43.0
73.0
-48.0
-13.0
67.0
-68.0
20.0
45.0
-74.0
48.0
17.0
-68.0
68.0
-17.0
-48.0
74.0
-46.0
-19.0
68.0
-65.0
12.0
50.0
-72.0
39.0
24.0
-69.0
60.0
-4.0
-52.0
70.0
-30.0
-30.0
69.0
-54.0
-4.0
56.0
-69.0
25.0
36.0
-70.0
50.0
8.0
-60.0
65.0
-20.0
-40.0
71.0
-46.0
-14.0
64.0
-64.0
15.0
48.0
-72.0
44.0
21.0
-67.0
63.0
-10.0
-51.0
71.0
-38.0
-26.0
67.0
-57.0
3.0
54.0
-67.0
30.0
30.0
-65.0
49.0
4.0
-55.0
63.0
-21.0
-35.0
66.0
-44.0
-10.0
56.0
-59.0
15.0
40.0
-65.0
41.0
15.0
-59.0
59.0
-14.0
-42.0
65.0
-38.0
-20.0
64.0
-59.0
9.0
49.0
-69.0
35.0
25.0
-66.0
55.0
-0.0
-54.0
66.0
-27.0
-32.0
65.0
-48.0
-5.0
53.0
-59.0
17.0
37.0
-62.0
38.0
15.0
-57.0
53.0
-8.0
-43.0
59.0
-28.0
-25.0
59.0
-45.0
-3.0
48.0
-54.0
18.0
29.0
-52.0
32.0
14.0
-47.0
44.0
-6.0
-36.0
48.0
-25.0
-19.0
47.0
-37.0
-0.0
38.0
-46.0
18.0
23.0
-46.0
32.0
6.0
-39.0
41.0
-10.0
-28.0
44.0
-24.0
-13.0
40.0
-34.0
1.0
31.0
-38.0
13.0
20.0
-36.0
24.0
9.0
-32.0
30.0
-4.0
-23.0
31.0
-13.0
-15.0
29.0
-22.0
-3.0
24.0
-26.0
8.0
14.0
-24.0
14.0
6.0
-21.0
19.0
-2.0
-17.0
22.0
-10.0
-9.0
21.0
-14.0
-2.0
19.0
-20.0
5.0
13.0
-21.0
11.0
6.0
-18.0
15.0
-0.0
-15.0
17.0
-7.0
-10.0
18.0
-12.0
-3.0
15.0
-15.0
3.0
11.0
-16.0
8.0
6.0
-14.0
12.0
-0.0
-12.0
14.0
-6.0
-7.0
13.0
-9.0
-2.0
12.0
-13.0
3.0
7.0
-12.0
8.0
3.0
-11.0
9.0
-2.0
-7.0
11.0
-5.0
-4.0
10.0
-8.0
1.0
7.0
-9.0
4.0
5.0
-9.0
6.0
0.0
-8.0
8.0
-3.0
-4.0
8.0
-5.0
-1.0
7.0
-7.0
2.0
4.0
-8.0
5.0
1.0
-6.0
7.0
-1.0
-4.0
6.0
-4.0
-2.0
5.0
-5.0
1.0
5.0
-6.0
3.0
1.0
-5.0
4.0
-1.0
-4.0
5.0
-3.0
-1.0
5.0
-4.0
1.0
3.0
-3.0
2.0
2.0
-4.0
3.0
-0.0
-4.0
4.0
-2.0
-1.0
3.0
-2.0
-1.0
3.0
-3.0
1.0
2.0
-3.0
2.0
0.0
-3.0
2.0
-1.0
-2.0
3.0
-2.0
-0.0
3.0
-2.0
1.0
1.0
-3.0
1.0
-0.0
-3.0
2.0
-1.0
-1.0
3.0
-2.0
1.0
2.0
-2.0
2.0
1.0
-2.0
2.0
-0.0
-2.0
3.0
-2.0
-0.0
2.0
-2.0
0.0
2.0
-3.0
1.0
1.0
-2.0
2.0
0.0
-2.0
2.0
-1.0
-1.0
2.0
-2.0
-0.0
2.0
-2.0
1.0
1.0
-2.0
1.0
0.0
-2.0
2.0
-0.0
-2.0
2.0
-1.0
-1.0
2.0
-2.0
-0.0
1.0
-2.0
0.0
1.0
-2.0
1.0
1.0
-2.0
1.0
-0.0
-2.0
2.0
-1.0
-1.0
2.0
-1.0
-0.0
2.0
-2.0
1.0
1.0
-2.0
1.0
0.0
-2.0
1.0
-0.0
-1.0
3.0
-1.0
0.0
2.0
-1.0
1.0
2.0
-1.0
2.0
2.0
-1.0
2.0
-0.0
-1.0
1.0
-1.0
-1.0
1.0
-1.0
-0.0
1.0
-2.0
-1.0
-1.0
-3.0
-1.0
-2.0
-2.0
